a <- c(-0.03951564, -0.4744389, 0.8760662, -1.874715, 0.166849, -0.3826503, 0.2115474, 0.177571, -0.2179634, -0.03938351, 0.1606311, 0.302414)