a <- c(-0.03951564, -0.4744389, 0.8760662, -1.874715, 0.166849, -0.3826503, 0.2115474, 0.177571, -0.2179634, -0.03938351, 0.1606311, 0.302414)
a best validation:
0.00000000  0.00000000  0.25711795 -1.50736131  0.00000000  0.00000000 -0.02709324 -0.04621402  0.00000000  0.00000000 -0.02787000  0.20739108
b best validation:
0.00000000  0.00000000  0.17365863 -1.21662467  0.00000000  0.00000000 -0.02856933  0.17573032  0.00000000  0.00000000 -0.02474287  0.13901608

